S300 Angle scan, bar, 3LS lens, cookies for lens, air gap for the prizm-MCP
beam_17240214847    0  2017    2017    1  3  20.00   0.00    447.00  85.00   70.00   5.00    7.00    10.00   
beam_17240213623    1  2017    2017    1  3  30.00   0.00    447.00  85.00   70.00   5.00    7.00    10.00   
beam_17240212322    2  2017    2017    1  3  40.00   0.00    447.00  85.00   70.00   5.00    7.00    10.00   
beam_17240211057    3  2017    2017    1  3  50.00   0.00    447.00  85.00   70.00   5.00    7.00    10.00   
beam_17240205753    4  2017    2017    1  3  60.00   0.00    447.00  85.00   70.00   5.00    7.00    10.00   
beam_17240204445    5  2017    2017    1  3  70.00   0.00    447.00  85.00   70.00   5.00    7.00    10.00   
beam_17240203001    6  2017    2017    1  3  80.00   0.00    447.00  85.00   70.00   5.00    7.00    10.00   
beam_17240201655    7  2017    2017    1  3  90.00   0.00    447.00  85.00   70.00   5.00    7.00    10.00   
beam_17240191244    8  2017    2017    1  3  100.00  0.00    447.00  85.00   70.00   5.00    7.00    10.00   
beam_17240185318    9  2017    2017    1  3  110.00  0.00    447.00  85.00   70.00   5.00    7.00    10.00   
beam_17240182858    10 2017    2017    1  3  120.00  0.00    447.00  85.00   70.00   5.00    7.00    10.00   
beam_17240181058    11 2017    2017    1  3  130.00  0.00    447.00  85.00   70.00   5.00    7.00    10.00   
beam_17240151314    12 2017    2017    1  3  140.00  0.00    447.00  85.00   70.00   5.00    7.00    10.00   

S301 Angle scan, bar, 3LS lens, cookies for lens, air gap for the prizm-MCP; HV +150V; th offset 500
beam_17241222625    0  2017    2017    1  3  20.00   0.00    447.00  85.00   70.00   5.00    7.00    10.00   
beam_17242053631    1  2017    2017    1  3  25.00   0.00    447.00  85.00   70.00   5.00    7.00    10.00   
beam_17241224638    2  2017    2017    1  3  30.00   0.00    447.00  85.00   70.00   5.00    7.00    10.00   
beam_17241230615    3  2017    2017    1  3  40.00   0.00    447.00  85.00   70.00   5.00    7.00    10.00   
beam_17241232404    4  2017    2017    1  3  50.00   0.00    447.00  85.00   70.00   5.00    7.00    10.00   
beam_17241235836    5  2017    2017    1  3  60.00   0.00    447.00  85.00   70.00   5.00    7.00    10.00   
beam_17242070844    6  2017    2017    1  3  70.00   0.00    447.00  85.00   70.00   5.00    7.00    10.00   
beam_17242115300    7  2017    2017    1  3  80.00   0.00    447.00  85.00   70.00   5.00    7.00    10.00   
beam_17242120250    8  2017    2017    1  3  90.00   0.00    447.00  85.00   70.00   5.00    7.00    10.00   
beam_17242121608    9  2017    2017    1  3  100.00  0.00    447.00  85.00   70.00   5.00    7.00    10.00   
beam_17242122658    10 2017    2017    1  3  110.00  0.00    447.00  85.00   70.00   5.00    7.00    10.00   
beam_17242105452    11 2017    2017    1  3  120.00  0.00    447.00  85.00   70.00   5.00    7.00    10.00   
beam_17242113826    12 2017    2017    1  3  130.00  0.00    447.00  85.00   70.00   5.00    7.00    10.00   
beam_17242114304    13 2017    2017    1  3  140.00  0.00    447.00  85.00   70.00   5.00    7.00    10.00   

S310 Angle scan, bar, 3LS lens, all with grease; HV +150V; th offset 600
beam_17244170154    0  2017    2017    1  3  20.00   0.00    447.00  85.00   66.20   15.20    7.00    3.00   
beam_17244171356    1  2017    2017    1  3  30.00   0.00    447.00  85.00   66.20   15.20    7.00    3.00   
beam_17244171854    2  2017    2017    1  3  40.00   0.00    447.00  85.00   66.20   15.20    7.00    3.00   
beam_17244172340    3  2017    2017    1  3  50.00   0.00    447.00  85.00   66.20   15.20    7.00    3.00   
beam_17244172834    4  2017    2017    1  3  60.00   0.00    447.00  85.00   66.20   15.20    7.00    3.00   
beam_17244173452    5  2017    2017    1  3  70.00   0.00    447.00  85.00   66.20   15.20    7.00    3.00   
beam_17244174209    6  2017    2017    1  3  80.00   0.00    447.00  85.00   66.20   15.20    7.00    3.00   
beam_17244175018    7  2017    2017    1  3  90.00   0.00    447.00  85.00   66.20   15.20    7.00    3.00   
beam_17244180555    8  2017    2017    1  3  100.00  0.00    447.00  85.00   66.20   15.20    7.00    3.00   
beam_17244182110    9  2017    2017    1  3  110.00  0.00    447.00  85.00   66.20   15.20    7.00    3.00   
beam_17244182818    10 2017    2017    1  3  120.00  0.00    447.00  85.00   66.20   15.20    7.00    3.00   
beam_17244183924    11 2017    2017    1  3  130.00  0.00    447.00  85.00   66.20   15.20    7.00    3.00   
beam_17244184701    12 2017    2017    1  3  140.00  0.00    447.00  85.00   66.20   15.20    7.00    3.00   
beam_17244185431    13 2017    2017    1  3  150.00  0.00    447.00  85.00   66.20   15.20    7.00    3.00   

S311 Theta scan, bar, 3LS lens, all with grease; HV +150V; th offset 600
beam_s311_20        0  2017    2017    1  3  20.00   0.00    447.00  85.00   66.20   15.20    7.00    3.00   
beam_s311_25        1  2017    2017    1  3  25.00   0.00    447.00  85.00   66.20   15.20    7.00    3.00   
beam_s311_30        2  2017    2017    1  3  30.00   0.00    447.00  85.00   66.20   15.20    7.00    3.00   
beam_s311_35        3  2017    2017    1  3  35.00   0.00    447.00  85.00   66.20   15.20    7.00    3.00   
beam_s311_40        4  2017    2017    1  3  40.00   0.00    447.00  85.00   66.20   15.20    7.00    3.00   
beam_s311_45        5  2017    2017    1  3  45.00   0.00    447.00  85.00   66.20   15.20    7.00    3.00   
beam_s311_50        6  2017    2017    1  3  50.00   0.00    447.00  85.00   66.20   15.20    7.00    3.00   
beam_s311_55        7  2017    2017    1  3  55.00   0.00    447.00  85.00   66.20   15.20    7.00    3.00   
beam_s311_60        8  2017    2017    1  3  60.00   0.00    447.00  85.00   66.20   15.20    7.00    3.00   
beam_s311_70        9  2017    2017    1  3  70.00   0.00    447.00  85.00   66.20   15.20    7.00    3.00   
beam_s311_75        10 2017    2017    1  3  75.00   0.00    447.00  85.00   66.20   15.20    7.00    3.00   
beam_s311_80        11 2017    2017    1  3  80.00   0.00    447.00  85.00   66.20   15.20    7.00    3.00   
beam_s311_85        12 2017    2017    1  3  85.00   0.00    447.00  85.00   66.20   15.20    7.00    3.00   
beam_s311_90        13 2017    2017    1  3  90.00   0.00    447.00  85.00   66.20   15.20    7.00    3.00   
beam_s311_95        14 2017    2017    1  3  95.00   0.00    447.00  85.00   66.20   15.20    7.00    3.00   
beam_s311_100       15 2017    2017    1  3  100.00  0.00    447.00  85.00   66.20   15.20    7.00    3.00   
beam_s311_105       16 2017    2017    1  3  105.00  0.00    447.00  85.00   66.20   15.20    7.00    3.00   
beam_s311_110       17 2017    2017    1  3  110.00  0.00    447.00  85.00   66.20   15.20    7.00    3.00   
beam_s311_115       18 2017    2017    1  3  115.00  0.00    447.00  85.00   66.20   15.20    7.00    3.00   
beam_s311_120       19 2017    2017    1  3  120.00  0.00    447.00  85.00   66.20   15.20    7.00    3.00   
beam_s311_125       20 2017    2017    1  3  125.00  0.00    447.00  85.00   66.20   15.20    7.00    3.00   
beam_s311_130       21 2017    2017    1  3  130.00  0.00    447.00  85.00   66.20   15.20    7.00    3.00   
beam_s311_135       22 2017    2017    1  3  135.00  0.00    447.00  85.00   66.20   15.20    7.00    3.00   
beam_s311_140       23 2017    2017    1  3  140.00  0.00    447.00  85.00   66.20   15.20    7.00    3.00   

S312 Theta scan, phi = 10; bar + 3LS lens, all with grease; HV +150V; flipped edges
beam_s312_20        0  2017    2017    1  3  20.00   10.00   447.00  85.00   70.00   5.00    7.00    10.00   
beam_s312_25        1  2017    2017    1  3  25.00   10.00   447.00  85.00   70.00   5.00    7.00    10.00   
beam_s312_40        2  2017    2017    1  3  40.00   10.00   447.00  85.00   70.00   5.00    7.00    10.00   
beam_s312_50        3  2017    2017    1  3  50.00   10.00   447.00  85.00   70.00   5.00    7.00    10.00   
beam_s312_60        4  2017    2017    1  3  60.00   10.00   447.00  85.00   70.00   5.00    7.00    10.00   
beam_s312_70        5  2017    2017    1  3  70.00   10.00   447.00  85.00   70.00   5.00    7.00    10.00   
beam_s312_80        6  2017    2017    1  3  80.00   10.00   447.00  85.00   70.00   5.00    7.00    10.00   
beam_s312_90        7  2017    2017    1  3  90.00   10.00   447.00  85.00   70.00   5.00    7.00    10.00   
beam_s312_100       8  2017    2017    1  3  100.00  10.00   447.00  85.00   70.00   5.00    7.00    10.00   
beam_s312_110       9  2017    2017    1  3  110.00  10.00   447.00  85.00   70.00   5.00    7.00    10.00   
beam_s312_120       10 2017    2017    1  3  120.00  10.00   447.00  85.00   70.00   5.00    7.00    10.00   
beam_s312_130       11 2017    2017    1  3  130.00  10.00   447.00  85.00   70.00   5.00    7.00    10.00   
beam_s312_140       12 2017    2017    1  3  140.00  10.00   447.00  85.00   70.00   5.00    7.00    10.00   

S313 Mom scan, theta = 25 ; phi = 0; bar + 3LS lens; HV +150V;
beam_s313_25_3      0  2017    2017    1  3  20.00   0.00    447.00  85.00   70.00   5.00    3.00    10.00   
beam_s313_25_5      1  2017    2017    1  3  20.00   0.00    447.00  85.00   70.00   5.00    5.00    10.00   
beam_s313_25_6      2  2017    2017    1  3  20.00   0.00    447.00  85.00   70.00   5.00    6.00    10.00   
beam_s313_25_7      3  2017    2017    1  3  20.00   0.00    447.00  85.00   70.00   5.00    7.00    10.00   
beam_s313_25_8      4  2017    2017    1  3  20.00   0.00    447.00  85.00   70.00   5.00    8.00    10.00   
beam_s313_25_10     5  2017    2017    1  3  20.00   0.00    447.00  85.00   70.00   5.00    10.00   10.00   

S314 Phi scan, theta = 25 ; bar + 3LS lens; HV +150V;
beam_s314_25_1      0  2017    2017    1  3  25.00   1.00    447.00  85.00   70.00   14.80   7.00    3.00    
beam_s314_25_2.5    1  2017    2017    1  3  25.00   2.50    447.00  85.00   70.00   14.80   7.00    3.00    
beam_s314_25_5.0    2  2017    2017    1  3  25.00   5.00    447.00  85.00   70.00   14.80   7.00    3.00    
beam_s314_25_7.5    3  2017    2017    1  3  25.00   7.50    447.00  85.00   70.00   14.80   7.00    3.00    
beam_s314_25_10     4  2017    2017    1  3  25.00   10.00   447.00  85.00   70.00   14.80   7.00    3.00    
beam_s314_25_12.5   5  2017    2017    1  3  25.00   12.50   447.00  85.00   70.00   14.80   7.00    3.00    
beam_s314_25_15     6  2017    2017    1  3  25.00   15.00   447.00  85.00   70.00   14.80   7.00    3.00    

S315 Theta scan, phi = 5 ; bar + 3LS lens; HV +150V;
beam_s315_20_5      0  2017    2017    1  3  20.00   5.00    447.00  85.00   70.00   14.80   7.00    3.00    
beam_s315_25_5      1  2017    2017    1  3  25.00   5.00    447.00  85.00   70.00   14.80   7.00    3.00    
beam_s315_30_5      2  2017    2017    1  3  30.00   5.00    447.00  85.00   70.00   14.80   7.00    3.00    
beam_s315_40_5      3  2017    2017    1  3  40.00   5.00    447.00  85.00   70.00   14.80   7.00    3.00    
beam_s315_50_5      4  2017    2017    1  3  50.00   5.00    447.00  85.00   70.00   14.80   7.00    3.00    
beam_s315_60_5      5  2017    2017    1  3  60.00   5.00    447.00  85.00   70.00   14.80   7.00    3.00    
beam_s315_70_5      6  2017    2017    1  3  70.00   5.00    447.00  85.00   70.00   14.80   7.00    3.00    
beam_s315_80_5      7  2017    2017    1  3  80.00   5.00    447.00  85.00   70.00   14.80   7.00    3.00    
beam_s315_85_5      8  2017    2017    1  3  85.00   5.00    447.00  85.00   70.00   14.80   7.00    3.00    
beam_s315_90_5      9  2017    2017    1  3  90.00   5.00    447.00  85.00   70.00   14.80   7.00    3.00    
beam_s315_95_5      10 2017    2017    1  3  95.00   5.00    447.00  85.00   70.00   14.80   7.00    3.00    
beam_s315_100_5     11 2017    2017    1  3  100.00  5.00    447.00  85.00   70.00   14.80   7.00    3.00    
beam_s315_110_5     12 2017    2017    1  3  110.00  5.00    447.00  85.00   70.00   14.80   7.00    3.00    
beam_s315_120_5     13 2017    2017    1  3  120.00  5.00    447.00  85.00   70.00   14.80   7.00    3.00    
beam_s315_130_5     14 2017    2017    1  3  130.00  5.00    447.00  85.00   70.00   14.80   7.00    3.00    
beam_s315_140_5     15 2017    2017    1  3  140.00  5.00    447.00  85.00   70.00   14.80   7.00    3.00    
beam_s315_145_5     16 2017    2017    1  3  145.00  5.00    447.00  85.00   70.00   14.80   7.00    3.00    
beam_s315_150_5     17 2017    2017    1  3  150.00  5.00    447.00  85.00   70.00   14.80   7.00    3.00    

S316 Theta scan, phi = 0 ; plate + 2LC lens; HV +150V;
beam_s316_15        0  2017    2017    2  2  15.00   0.00    447.00  85.00   70.00   17.00   7.00    3.00    
beam_s316_20        1  2017    2017    2  2  20.00   0.00    447.00  85.00   70.00   17.00   7.00    3.00    
beam_s318_20        2  2017    2017    2  6  20.00   5.00    447.00  85.00   70.00   17.00   7.00    3.00    
beam_s316_25        3  2017    2017    2  2  25.00   0.00    447.00  85.00   70.00   17.00   7.00    3.00    
beam_s316_30        4  2017    2017    2  2  30.00   0.00    447.00  85.00   70.00   17.00   7.00    3.00    
beam_s316_35        5  2017    2017    2  2  35.00   0.00    447.00  85.00   70.00   17.00   7.00    3.00    
beam_s316_40        6  2017    2017    2  2  40.00   0.00    447.00  85.00   70.00   17.00   7.00    3.00    
beam_s316_45        7  2017    2017    2  2  45.00   0.00    447.00  85.00   70.00   17.00   7.00    3.00    
beam_s316_50        8  2017    2017    2  2  50.00   0.00    447.00  85.00   70.00   17.00   7.00    3.00    
beam_s316_55        9  2017    2017    2  2  55.00   0.00    447.00  85.00   70.00   17.00   7.00    3.00    
beam_s316_60        10 2017    2017    2  2  60.00   0.00    447.00  85.00   70.00   17.00   7.00    3.00    
beam_s316_65        11 2017    2017    2  2  65.00   0.00    447.00  85.00   70.00   17.00   7.00    3.00    
beam_s316_70        12 2017    2017    2  2  70.00   0.00    447.00  85.00   70.00   17.00   7.00    3.00    
beam_s316_75        13 2017    2017    2  2  75.00   0.00    447.00  85.00   70.00   17.00   7.00    3.00    
beam_s316_80        14 2017    2017    2  2  80.00   0.00    447.00  85.00   70.00   17.00   7.00    3.00    
beam_s316_85        15 2017    2017    2  2  85.00   0.00    447.00  85.00   70.00   17.00   7.00    3.00    
beam_s316_90        16 2017    2017    2  2  90.00   0.00    447.00  85.00   70.00   17.00   7.00    3.00    
beam_s316_95        17 2017    2017    2  2  95.00   0.00    447.00  85.00   70.00   17.00   7.00    3.00    
beam_s316_100       18 2017    2017    2  2  100.00  0.00    447.00  85.00   70.00   17.00   7.00    3.00    
beam_s316_105       19 2017    2017    2  2  105.00  0.00    447.00  85.00   70.00   17.00   7.00    3.00    
beam_s316_110       20 2017    2017    2  2  110.00  0.00    447.00  85.00   70.00   17.00   7.00    3.00    
beam_s316_115       21 2017    2017    2  2  115.00  0.00    447.00  85.00   70.00   17.00   7.00    3.00    
beam_s316_120       22 2017    2017    2  2  120.00  0.00    447.00  85.00   70.00   17.00   7.00    3.00    
beam_s316_125       23 2017    2017    2  2  125.00  0.00    447.00  85.00   70.00   17.00   7.00    3.00    
beam_s316_130       24 2017    2017    2  2  130.00  0.00    447.00  85.00   70.00   17.00   7.00    3.00    
beam_s316_135       25 2017    2017    2  2  135.00  0.00    447.00  85.00   70.00   17.00   7.00    3.00    
beam_s316_140       26 2017    2017    2  2  140.00  0.00    447.00  85.00   70.00   17.00   7.00    3.00    

S317 Theta scan, phi = 0 ; plate + 3LC lens
beam_s317_20        0  2017    2017    2  6  20.00   0.00    447.00  85.00   70.00   0.00    7.00    3.00    
beam_s317_25        1  2017    2017    2  6  25.00   0.00    447.00  85.00   70.00   0.00    7.00    3.00    
beam_s317_30        2  2017    2017    2  6  30.00   0.00    447.00  85.00   70.00   0.00    7.00    3.00    
beam_s317_40        3  2017    2017    2  6  40.00   0.00    447.00  85.00   70.00   0.00    7.00    3.00    
beam_s317_50        4  2017    2017    2  6  50.00   0.00    447.00  85.00   70.00   0.00    7.00    3.00    
beam_s317_55        5  2017    2017    2  6  55.00   0.00    447.00  85.00   70.00   0.00    7.00    3.00    
beam_s317_60        6  2017    2017    2  6  60.00   0.00    447.00  85.00   70.00   0.00    7.00    3.00    
beam_s317_70        7  2017    2017    2  6  70.00   0.00    447.00  85.00   70.00   0.00    7.00    3.00    
beam_s317_80        8  2017    2017    2  6  80.00   0.00    447.00  85.00   70.00   0.00    7.00    3.00    
beam_s317_90        9  2017    2017    2  6  90.00   0.00    447.00  85.00   70.00   0.00    7.00    3.00    
beam_s317_100       10 2017    2017    2  6  100.00  0.00    447.00  85.00   70.00   0.00    7.00    3.00    
beam_s317_110       11 2017    2017    2  6  110.00  0.00    447.00  85.00   70.00   0.00    7.00    3.00    
beam_s317_120       12 2017    2017    2  6  120.00  0.00    447.00  85.00   70.00   0.00    7.00    3.00    
beam_s317_125       13 2017    2017    2  6  125.00  0.00    447.00  85.00   70.00   0.00    7.00    3.00    
beam_s317_130       14 2017    2017    2  6  130.00  0.00    447.00  85.00   70.00   0.00    7.00    3.00    
beam_s317_140       15 2017    2017    2  6  140.00  0.00    447.00  85.00   70.00   0.00    7.00    3.00    

S319 z scan, theta = 25; phi = 0 ; plate + 3LC lens
beam_s319_513       0  2017    2017    2  6  20.00   0.00    513.00  85.00   70.00   0.00    7.00    3.00    
beam_s319_668       1  2017    2017    2  6  20.00   0.00    668.00  85.00   70.00   0.00    7.00    3.00    
beam_s319_xm50      2  2017    2017    2  6  20.00   0.00    447.00  135.00  70.00   0.00    7.00    3.00    
beam_s319_x25       3  2017    2017    2  6  20.00   0.00    447.00  60.00   70.00   0.00    7.00    3.00    
beam_s320_20        4  2017    2017    2  6  20.00   0.00    447.00  85.00   70.00   0.00    7.00    3.00    
beam_s319_262       5  2017    2017    2  6  20.00   0.00    262.00  85.00   70.00   0.00    7.00    3.00    
beam_s320_25        6  2017    2017    2  6  25.00   0.00    447.00  85.00   70.00   0.00    7.00    3.00    
beam_s320_30        7  2017    2017    2  6  30.00   0.00    447.00  85.00   70.00   0.00    7.00    3.00    
beam_s320_40        8  2017    2017    2  6  40.00   0.00    447.00  85.00   70.00   0.00    7.00    3.00    
beam_s320_50        9  2017    2017    2  6  50.00   0.00    447.00  85.00   70.00   0.00    7.00    3.00    
beam_s320_60        10 2017    2017    2  6  60.00   0.00    447.00  85.00   70.00   0.00    7.00    3.00    
beam_s320_70        11 2017    2017    2  6  70.00   0.00    447.00  85.00   70.00   0.00    7.00    3.00    
beam_s320_80        12 2017    2017    2  6  80.00   0.00    447.00  85.00   70.00   0.00    7.00    3.00    
beam_s320_90        13 2017    2017    2  6  90.00   0.00    447.00  85.00   70.00   0.00    7.00    3.00    
beam_s320_100       14 2017    2017    2  6  100.00  0.00    447.00  85.00   70.00   0.00    7.00    3.00    
beam_s320_110       15 2017    2017    2  6  110.00  0.00    447.00  85.00   70.00   0.00    7.00    3.00    
beam_s320_120       16 2017    2017    2  6  120.00  0.00    447.00  85.00   70.00   0.00    7.00    3.00    
beam_s320_130       17 2017    2017    2  6  130.00  0.00    447.00  85.00   70.00   0.00    7.00    3.00    
beam_s320_140       18 2017    2017    2  6  140.00  0.00    447.00  85.00   70.00   0.00    7.00    3.00    

S321 Offset scan; plate + 3LC lens
beam_s321_25_900    0  2017    2017    2  6  25.00   0.00    447.00  85.00   70.00   0.00    7.00    3.00    
beam_s321_25_1200   1  2017    2017    2  6  25.00   0.00    447.00  85.00   70.00   0.00    7.00    3.00    
beam_s321_25_2400   2  2017    2017    2  6  25.00   0.00    447.00  85.00   70.00   0.00    7.00    3.00    
beam_s321_125_900   3  2017    2017    2  6  125.00  0.00    447.00  85.00   70.00   0.00    7.00    3.00    
beam_s321_125_1200  4  2017    2017    2  6  125.00  0.00    447.00  85.00   70.00   0.00    7.00    3.00    

S322 Momentum scan; theta=25; phi=0; plate + 3LC lens
beam_s322_2         0  2017    2017    2  6  25.00   0.00    447.00  85.00   70.00   0.00    2.00    3.00    
beam_s322_3         1  2017    2017    2  6  25.00   0.00    447.00  85.00   70.00   0.00    3.00    3.00    
beam_s322_4         2  2017    2017    2  6  25.00   0.00    447.00  85.00   70.00   0.00    4.00    3.00    
beam_s322_5         3  2017    2017    2  6  25.00   0.00    447.00  85.00   70.00   0.00    5.00    3.00    
beam_s322_6         4  2017    2017    2  6  25.00   0.00    447.00  85.00   70.00   0.00    6.00    3.00    
beam_s322_7         5  2017    2017    2  6  25.00   0.00    447.00  85.00   70.00   0.00    7.00    3.00    
beam_s322_8         6  2017    2017    2  6  25.00   0.00    447.00  85.00   70.00   0.00    8.00    3.00    
beam_s322_9         7  2017    2017    2  6  25.00   0.00    447.00  85.00   70.00   0.00    9.00    3.00    
beam_s322_10        8  2017    2017    2  6  25.00   0.00    447.00  85.00   70.00   0.00    10.00   3.00    

S323 Theta scan; phi=0; plate + 3LC lens
beam_17253115922    0  2017    2017    2  6  20.00   0.00    447.00  85.00   70.00   0.00    7.00    3.00    
beam_17253114621    1  2017    2017    2  6  25.00   0.00    447.00  85.00   70.00   0.00    7.00    3.00    
beam_17253120320    2  2017    2017    2  6  30.00   0.00    447.00  85.00   70.00   0.00    7.00    3.00    
beam_17253120717    3  2017    2017    2  6  35.00   0.00    447.00  85.00   70.00   0.00    7.00    3.00    
beam_17253121145    4  2017    2017    2  6  40.00   0.00    447.00  85.00   70.00   0.00    7.00    3.00    
beam_17253121546    5  2017    2017    2  6  45.00   0.00    447.00  85.00   70.00   0.00    7.00    3.00    
beam_17253121937    6  2017    2017    2  6  50.00   0.00    447.00  85.00   70.00   0.00    7.00    3.00    
beam_17253122256    7  2017    2017    2  6  55.00   0.00    447.00  85.00   70.00   0.00    7.00    3.00    
beam_17253122621    8  2017    2017    2  6  60.00   0.00    447.00  85.00   70.00   0.00    7.00    3.00    
beam_17253122927    9  2017    2017    2  6  65.00   0.00    447.00  85.00   70.00   0.00    7.00    3.00    
beam_17253123238    10 2017    2017    2  6  70.00   0.00    447.00  85.00   70.00   0.00    7.00    3.00    
beam_17253123541    11 2017    2017    2  6  75.00   0.00    447.00  85.00   70.00   0.00    7.00    3.00    
beam_17253123831    12 2017    2017    2  6  80.00   0.00    447.00  85.00   70.00   0.00    7.00    3.00    
beam_17253124041    13 2017    2017    2  6  85.00   0.00    447.00  85.00   70.00   0.00    7.00    3.00    
beam_17253124232    14 2017    2017    2  6  90.00   0.00    447.00  85.00   70.00   0.00    7.00    3.00    
beam_17253124413    15 2017    2017    2  6  95.00   0.00    447.00  85.00   70.00   0.00    7.00    3.00    
beam_17253124713    16 2017    2017    2  6  100.00  0.00    447.00  85.00   70.00   0.00    7.00    3.00    
beam_17253124856    17 2017    2017    2  6  105.00  0.00    447.00  85.00   70.00   0.00    7.00    3.00    
beam_17253125035    18 2017    2017    2  6  110.00  0.00    447.00  85.00   70.00   0.00    7.00    3.00    
beam_17253125158    19 2017    2017    2  6  115.00  0.00    447.00  85.00   70.00   0.00    7.00    3.00    
beam_17253125333    20 2017    2017    2  6  120.00  0.00    447.00  85.00   70.00   0.00    7.00    3.00    
beam_17253125511    21 2017    2017    2  6  125.00  0.00    447.00  85.00   70.00   0.00    7.00    3.00    
beam_17253125649    22 2017    2017    2  6  130.00  0.00    447.00  85.00   70.00   0.00    7.00    3.00    
beam_17253125831    23 2017    2017    2  6  135.00  0.00    447.00  85.00   70.00   0.00    7.00    3.00    
beam_17253130011    24 2017    2017    2  6  140.00  0.00    447.00  85.00   70.00   0.00    7.00    3.00    
beam_17253130206    25 2017    2017    2  6  145.00  0.00    447.00  85.00   70.00   0.00    7.00    3.00    
beam_17253130341    26 2017    2017    2  6  150.00  0.00    447.00  85.00   70.00   0.00    7.00    3.00    

S324 Colimator scan; theta=25; phi=0; plate + 3LC lens
beam_s324_5x5       0  2017    2017    2  6  20.00   0.00    447.00  85.00   70.00   0.00    7.00    3.00    

S325 X edge scan; theta=25; phi=0; plate + cookies + 3LC lens;
beam_s325_x105      0  2017    2017    2  6  25.00   0.00    447.00  190.00  70.00   0.00    7.00    3.00    
beam_s325_x95       1  2017    2017    2  6  25.00   0.00    447.00  180.00  70.00   0.00    7.00    3.00    

S326 Theta scan; phi=0; plate + cookies + 3LC lens
beam_17253142508    0  2017    2017    2  6  20.00   0.00    447.00  85.00   70.00   0.00    7.00    3.00    
beam_s326_25        1  2017    2017    2  6  25.00   0.00    447.00  85.00   70.00   0.00    7.00    3.00    
beam_17253134837    2  2017    2017    2  6  30.00   0.00    447.00  85.00   70.00   0.00    7.00    3.00    
beam_17253135121    3  2017    2017    2  6  40.00   0.00    447.00  85.00   70.00   0.00    7.00    3.00    
beam_17253135327    4  2017    2017    2  6  50.00   0.00    447.00  85.00   70.00   0.00    7.00    3.00    
beam_17253135538    5  2017    2017    2  6  60.00   0.00    447.00  85.00   70.00   0.00    7.00    3.00    
beam_17253135758    6  2017    2017    2  6  70.00   0.00    447.00  85.00   70.00   0.00    7.00    3.00    
beam_17253140013    7  2017    2017    2  6  80.00   0.00    447.00  85.00   70.00   0.00    7.00    3.00    
beam_17253140220    8  2017    2017    2  6  90.00   0.00    447.00  85.00   70.00   0.00    7.00    3.00    
beam_17253140439    9  2017    2017    2  6  100.00  0.00    447.00  85.00   70.00   0.00    7.00    3.00    
beam_17253140658    10 2017    2017    2  6  110.00  0.00    447.00  85.00   70.00   0.00    7.00    3.00    
beam_17253140950    11 2017    2017    2  6  120.00  0.00    447.00  85.00   70.00   0.00    7.00    3.00    
beam_17253141258    12 2017    2017    2  6  130.00  0.00    447.00  85.00   70.00   0.00    7.00    3.00    
beam_17253141532    13 2017    2017    2  6  140.00  0.00    447.00  85.00   70.00   0.00    7.00    3.00    
beam_17253141820    14 2017    2017    2  6  150.00  0.00    447.00  85.00   70.00   0.00    7.00    3.00    

S330 Theta scan; phi=0; bar + grease + 3LC lens
beam_s330_20        0  2017    2017    1  6  20.00   0.00    447.00  85.00   70.00   0.00    7.00    3.00    
beam_s330_25        1  2017    2017    1  6  25.00   0.00    447.00  85.00   70.00   0.00    7.00    3.00    
beam_s330_30        2  2017    2017    1  6  30.00   0.00    447.00  85.00   70.00   0.00    7.00    3.00    
beam_s330_35        3  2017    2017    1  6  35.00   0.00    447.00  85.00   70.00   0.00    7.00    3.00    
beam_s330_40        4  2017    2017    1  6  40.00   0.00    447.00  85.00   70.00   0.00    7.00    3.00    
beam_s330_45        5  2017    2017    1  6  45.00   0.00    447.00  85.00   70.00   0.00    7.00    3.00    
beam_s330_50        6  2017    2017    1  6  50.00   0.00    447.00  85.00   70.00   0.00    7.00    3.00    
beam_s330_55        7  2017    2017    1  6  55.00   0.00    447.00  85.00   70.00   0.00    7.00    3.00    
beam_s330_60        8  2017    2017    1  6  60.00   0.00    447.00  85.00   70.00   0.00    7.00    3.00    
beam_s330_65        9  2017    2017    1  6  65.00   0.00    447.00  85.00   70.00   0.00    7.00    3.00    
beam_s330_70        10 2017    2017    1  6  70.00   0.00    447.00  85.00   70.00   0.00    7.00    3.00    
beam_s330_75        11 2017    2017    1  6  75.00   0.00    447.00  85.00   70.00   0.00    7.00    3.00    
beam_s330_80        12 2017    2017    1  6  80.00   0.00    447.00  85.00   70.00   0.00    7.00    3.00    
beam_s330_85        13 2017    2017    1  6  85.00   0.00    447.00  85.00   70.00   0.00    7.00    3.00    
beam_s330_90        14 2017    2017    1  6  90.00   0.00    447.00  85.00   70.00   0.00    7.00    3.00    
beam_s330_95        15 2017    2017    1  6  95.00   0.00    447.00  85.00   70.00   0.00    7.00    3.00    
beam_s330_100       16 2017    2017    1  6  100.00  0.00    447.00  85.00   70.00   0.00    7.00    3.00    
beam_s330_105       17 2017    2017    1  6  105.00  0.00    447.00  85.00   70.00   0.00    7.00    3.00    
beam_s330_110       18 2017    2017    1  6  110.00  0.00    447.00  85.00   70.00   0.00    7.00    3.00    
beam_s330_115       19 2017    2017    1  6  115.00  0.00    447.00  85.00   70.00   0.00    7.00    3.00    
beam_s330_120       20 2017    2017    1  6  120.00  0.00    447.00  85.00   70.00   0.00    7.00    3.00    
beam_s330_125       21 2017    2017    1  6  125.00  0.00    447.00  85.00   70.00   0.00    7.00    3.00    
beam_s330_130       22 2017    2017    1  6  130.00  0.00    447.00  85.00   70.00   0.00    7.00    3.00    
beam_s330_135       23 2017    2017    1  6  135.00  0.00    447.00  85.00   70.00   0.00    7.00    3.00    
beam_s330_140       24 2017    2017    1  6  140.00  0.00    447.00  85.00   70.00   0.00    7.00    3.00    
beam_s330_145       25 2017    2017    1  6  145.00  0.00    447.00  85.00   70.00   0.00    7.00    3.00    

S331 Theta scan; phi=0; bar + grease + 3LC lens
beam_17253233933    0  2017    2017    1  6  20.00   0.00    447.00  85.00   70.00   0.00    7.00    3.00    
beam_17254031211    1  2017    2017    1  6  25.00   0.00    447.00  85.00   70.00   0.00    7.00    3.00    
beam_17253192643    2  2017    2017    1  6  30.00   0.00    447.00  85.00   70.00   0.00    7.00    3.00    
beam_17254094201    3  2017    2017    1  6  35.00   0.00    447.00  85.00   70.00   0.00    7.00    3.00    
beam_17253195712    4  2017    2017    1  6  40.00   0.00    447.00  85.00   70.00   0.00    7.00    3.00    
beam_17254092959    5  2017    2017    1  6  45.00   0.00    447.00  85.00   70.00   0.00    7.00    3.00    
beam_17253202748    6  2017    2017    1  6  50.00   0.00    447.00  85.00   70.00   0.00    7.00    3.00    
beam_17254090322    7  2017    2017    1  6  55.00   0.00    447.00  85.00   70.00   0.00    7.00    3.00    
beam_17253205819    8  2017    2017    1  6  60.00   0.00    447.00  85.00   70.00   0.00    7.00    3.00    
beam_17254095328    9  2017    2017    1  6  65.00   0.00    447.00  85.00   70.00   0.00    7.00    3.00    
beam_17253213338    10 2017    2017    1  6  70.00   0.00    447.00  85.00   70.00   0.00    7.00    3.00    
beam_17254100438    11 2017    2017    1  6  75.00   0.00    447.00  85.00   70.00   0.00    7.00    3.00    
beam_17253220547    12 2017    2017    1  6  80.00   0.00    447.00  85.00   70.00   0.00    7.00    3.00    
beam_17254101544    13 2017    2017    1  6  85.00   0.00    447.00  85.00   70.00   0.00    7.00    3.00    
beam_17253223758    14 2017    2017    1  6  90.00   0.00    447.00  85.00   70.00   0.00    7.00    3.00    
beam_17254102621    15 2017    2017    1  6  95.00   0.00    447.00  85.00   70.00   0.00    7.00    3.00    
beam_17253230713    16 2017    2017    1  6  100.00  0.00    447.00  85.00   70.00   0.00    7.00    3.00    
beam_17254103710    17 2017    2017    1  6  105.00  0.00    447.00  85.00   70.00   0.00    7.00    3.00    
beam_17254063100    18 2017    2017    1  6  110.00  0.00    447.00  85.00   70.00   0.00    7.00    3.00    
beam_17254104756    19 2017    2017    1  6  115.00  0.00    447.00  85.00   70.00   0.00    7.00    3.00    
beam_17254070617    20 2017    2017    1  6  120.00  0.00    447.00  85.00   70.00   0.00    7.00    3.00    
beam_17254083734    21 2017    2017    1  6  125.00  0.00    447.00  85.00   70.00   0.00    7.00    3.00    
beam_17254074316    22 2017    2017    1  6  130.00  0.00    447.00  85.00   70.00   0.00    7.00    3.00    
beam_17254110232    23 2017    2017    1  6  135.00  0.00    447.00  85.00   70.00   0.00    7.00    3.00    
beam_17254081240    24 2017    2017    1  6  140.00  0.00    447.00  85.00   70.00   0.00    7.00    3.00    
beam_17254111419    25 2017    2017    1  6  145.00  0.00    447.00  85.00   70.00   0.00    7.00    3.00    
beam_17254112735    26 2017    2017    1  6  150.00  0.00    447.00  85.00   70.00   0.00    7.00    3.00    

S332 Theta scan; phi=0; bar + grease + 3LS lens
beam_s332_20        0  2017    2017    1  3  20.11   0.23    447.00  85.00   66.20   15.20   7.00    3.00    
beam_s332_25        1  2017    2017    1  3  25.15   0.32    447.00  85.00   66.20   15.20   7.00    3.00    
beam_s332_30        2  2017    2017    1  3  30.17   0.29    447.00  85.00   66.20   15.20   7.00    3.00    
beam_s332_40        3  2017    2017    1  3  40.00   0.32    447.00  85.00   66.20   15.20   7.00    3.00    
beam_s332_50        4  2017    2017    1  3  49.94   0.23    447.00  85.00   66.20   15.20   7.00    3.00    
beam_s332_60        5  2017    2017    1  3  60.00   0.17    447.00  85.00   66.20   15.20   7.00    3.00    
beam_s332_70        6  2017    2017    1  3  70.11   0.14    447.00  85.00   66.20   15.20   7.00    3.00    
beam_s332_80        7  2017    2017    1  3  80.11   0.14    447.00  85.00   66.20   15.20   7.00    3.00    
beam_s332_90        8  2017    2017    1  3  90.03   0.00    447.00  85.00   66.20   15.20   7.00    3.00    
beam_s332_100       9  2017    2017    1  3  99.72   -0.06   447.00  85.00   66.20   15.20   7.00    3.00    
beam_s332_110       10 2017    2017    1  3  110.11  -0.26   447.00  85.00   66.20   15.20   7.00    3.00    
beam_s332_120       11 2017    2017    1  3  120.11  -0.29   447.00  85.00   66.20   15.20   7.00    3.00    
beam_s332_130       12 2017    2017    1  3  130.34  -0.29   447.00  85.00   66.20   15.20   7.00    3.00    
beam_s332_140       13 2017    2017    1  3  140.30  -0.30   447.00  85.00   66.20   15.20   7.00    3.00    
beam_s332_150       14 2017    2017    1  3  150.11  -0.31   447.00  85.00   66.20   15.20   7.00    3.00    

S333 X scan; theta=25; phi=0; bar + grease + 3LS lens
beam_17255140703    0  2017    2017    1  3  25.00   0.00    447.00  69.00   70.00   0.00    7.00    3.00    
beam_17255160454    1  2017    2017    1  3  25.00   0.00    447.00  -15.00  70.00   0.00    7.00    3.00    
beam_17255155835    2  2017    2017    1  3  25.00   0.00    447.00  -5.00   70.00   0.00    7.00    3.00    
beam_17255155308    3  2017    2017    1  3  25.00   0.00    447.00  25.00   70.00   0.00    7.00    3.00    
beam_17255154850    4  2017    2017    1  3  25.00   0.00    447.00  29.00   70.00   0.00    7.00    3.00    
beam_17255154411    5  2017    2017    1  3  25.00   0.00    447.00  33.00   70.00   0.00    7.00    3.00    
beam_17255153904    6  2017    2017    1  3  25.00   0.00    447.00  37.00   70.00   0.00    7.00    3.00    
beam_17255153345    7  2017    2017    1  3  25.00   0.00    447.00  41.00   70.00   0.00    7.00    3.00    
beam_17255140213    8  2017    2017    1  3  25.00   0.00    447.00  45.00   70.00   0.00    7.00    3.00    
beam_17255135819    9  2017    2017    1  3  25.00   0.00    447.00  49.00   70.00   0.00    7.00    3.00    
beam_17255135222    10 2017    2017    1  3  25.00   0.00    447.00  53.00   70.00   0.00    7.00    3.00    
beam_17255134834    11 2017    2017    1  3  25.00   0.00    447.00  57.00   70.00   0.00    7.00    3.00    
beam_17255134435    12 2017    2017    1  3  25.00   0.00    447.00  61.00   70.00   0.00    7.00    3.00    
beam_17255134047    13 2017    2017    1  3  25.00   0.00    447.00  65.00   70.00   0.00    7.00    3.00    
beam_17255152659    14 2017    2017    1  3  25.00   0.00    447.00  125.00  70.00   0.00    7.00    3.00    
beam_17255141056    15 2017    2017    1  3  25.00   0.00    447.00  73.00   70.00   0.00    7.00    3.00    
beam_17255141534    16 2017    2017    1  3  25.00   0.00    447.00  77.00   70.00   0.00    7.00    3.00    
beam_17255143352    17 2017    2017    1  3  25.00   0.00    447.00  81.00   70.00   0.00    7.00    3.00    
beam_17255144431    18 2017    2017    1  3  25.00   0.00    447.00  85.00   70.00   0.00    7.00    3.00    
beam_17255144946    19 2017    2017    1  3  25.00   0.00    447.00  89.00   70.00   0.00    7.00    3.00    
beam_17255145344    20 2017    2017    1  3  25.00   0.00    447.00  93.00   70.00   0.00    7.00    3.00    
beam_17255145801    21 2017    2017    1  3  25.00   0.00    447.00  97.00   70.00   0.00    7.00    3.00    
beam_17255150223    22 2017    2017    1  3  25.00   0.00    447.00  101.00  70.00   0.00    7.00    3.00    
beam_17255150625    23 2017    2017    1  3  25.00   0.00    447.00  105.00  70.00   0.00    7.00    3.00    
beam_17255151040    24 2017    2017    1  3  25.00   0.00    447.00  109.00  70.00   0.00    7.00    3.00    
beam_17255151437    25 2017    2017    1  3  25.00   0.00    447.00  113.00  70.00   0.00    7.00    3.00    
beam_17255151854    26 2017    2017    1  3  25.00   0.00    447.00  117.00  70.00   0.00    7.00    3.00    
beam_17255152233    27 2017    2017    1  3  25.00   0.00    447.00  121.00  70.00   0.00    7.00    3.00    

S334 Theta scan; phi=0; bar + grease + 3LS lens; 10 GeV/c
beam_s334_20        0  2017    2017    1  3  20.00   0.00    447.00  85.00   70.00   0.00    10.00   3.00    
beam_s334_25        1  2017    2017    1  3  25.00   0.00    447.00  85.00   70.00   0.00    10.00   3.00    
beam_s334_30        2  2017    2017    1  3  30.00   0.00    447.00  85.00   70.00   0.00    10.00   3.00    
beam_s334_60        3  2017    2017    1  3  60.00   0.00    447.00  85.00   70.00   0.00    10.00   3.00    
beam_s334_120       4  2017    2017    1  3  120.00  0.00    447.00  85.00   70.00   0.00    10.00   3.00    

S400 Fast angle scan. Bar, 3LS lens, grease everywere
beam_18212192129    0  2017    2017    1  3  20.00   0.00    442.00  85.00   70.00   16.45   7.00    10.00   
beam_18212192707    1  2017    2017    1  3  25.00   0.00    442.00  85.00   70.00   16.45   7.00    10.00   
beam_18212193358    2  2017    2017    1  3  30.00   0.00    442.00  85.00   70.00   16.45   7.00    10.00   
beam_18212194136    3  2017    2017    1  3  40.00   0.00    442.00  85.00   70.00   16.45   7.00    10.00   
beam_18212195303    4  2017    2017    1  3  50.00   0.00    442.00  85.00   70.00   16.45   7.00    10.00   
beam_18212200803    5  2017    2017    1  3  60.00   0.00    442.00  85.00   70.00   16.45   7.00    10.00   
beam_18212201933    6  2017    2017    1  3  70.00   0.00    442.00  85.00   70.00   16.45   7.00    10.00   
beam_18212202744    7  2017    2017    1  3  80.00   0.00    442.00  85.00   70.00   16.45   7.00    10.00   
beam_18212203705    8  2017    2017    1  3  90.00   0.00    442.00  85.00   70.00   16.45   7.00    10.00   
beam_18212205205    9  2017    2017    1  3  100.00  0.00    442.00  85.00   70.00   16.45   7.00    10.00   
beam_18212210407    10 2017    2017    1  3  110.00  0.00    442.00  85.00   70.00   16.45   7.00    10.00   
beam_18212211420    11 2017    2017    1  3  120.00  0.00    442.00  85.00   70.00   16.45   7.00    10.00   
beam_18212212157    12 2017    2017    1  3  130.00  0.00    442.00  85.00   70.00   16.45   7.00    10.00   
beam_18212214000    13 2017    2017    1  3  140.00  0.00    442.00  85.00   70.00   16.45   7.00    10.00   
beam_18212214716    14 2017    2017    1  3  150.00  0.00    442.00  85.00   70.00   16.45   7.00    10.00   

S401 High stat scan. Bar, 3LS lens, grease everywere
beam_401_20         0  2018    2018    1  3  19.66   -0.05   409.00  85.00   65.00   16.30   7.00    10.00   
beam_401_25         1  2018    2018    1  3  24.66   -0.05   409.00  85.00   65.00   16.30   7.00    10.00   
beam_401_30         2  2018    2018    1  3  29.77   -0.05   409.00  85.00   65.00   16.30   7.00    10.00   
beam_401_60         3  2018    2018    1  3  60.00   -0.05   409.00  85.00   65.00   16.30   7.00    10.00   
beam_401_90         4  2018    2018    1  3  89.89   -0.05   409.00  85.00   65.00   16.30   7.00    10.00   
beam_401_140        5  2018    2018    1  3  140.00  -0.05   409.00  85.00   65.00   16.30   7.00    10.00   

S402 Offset study. Bar, 3LS lens, grease everywere, 20 deg, 2 mV
beam_402_20         0  2018    2018    1  3  20.00   0.00    442.00  85.00   70.00   16.45   7.00    10.00   

S403 Theta scan @ phi = 0 deg. Bar, 3LS lens, grease everywere
beam_18215163732    0  2018    2018    1  3  19.54   -0.15   409.00  85.00   65.10   16.30   7.00    10.00   
beam_18215164946    1  2018    2018    1  3  24.54   -0.15   409.00  85.00   65.10   16.30   7.00    10.00   
beam_18215170338    2  2018    2018    1  3  29.43   -0.10   409.00  85.00   65.10   16.30   7.00    10.00   
beam_18215172752    3  2018    2018    1  3  34.54   -0.05   409.00  85.00   65.10   16.30   7.00    10.00   
beam_18215174559    4  2018    2018    1  3  39.54   -0.05   409.00  85.00   65.10   16.30   7.00    10.00   
beam_18215180516    5  2018    2018    1  3  44.54   -0.05   409.00  85.00   65.10   16.30   7.00    10.00   
beam_18215182758    6  2018    2018    1  3  49.66   -0.05   409.00  85.00   65.10   16.30   7.00    10.00   
beam_18215184548    7  2018    2018    1  3  54.89   -0.05   409.00  85.00   65.10   16.30   7.00    10.00   
beam_18215190401    8  2018    2018    1  3  60.00   -0.05   409.00  85.00   65.10   16.30   7.00    10.00   
beam_18215192247    9  2018    2018    1  3  65.00   -0.05   409.00  85.00   65.10   16.30   7.00    10.00   
beam_18215194145    10 2018    2018    1  3  70.11   0.00    409.00  85.00   65.10   16.30   7.00    10.00   
beam_18215200044    11 2018    2018    1  3  75.11   -0.05   409.00  85.00   65.10   16.30   7.00    10.00   
beam_18215201936    12 2018    2018    1  3  80.11   0.00    409.00  85.00   65.10   16.30   7.00    10.00   
beam_18215203823    13 2018    2018    1  3  85.00   0.00    409.00  85.00   65.10   16.30   7.00    10.00   
beam_18215210112    14 2018    2018    1  3  89.77   0.00    409.00  85.00   65.10   16.30   7.00    10.00   
beam_18215212118    15 2018    2018    1  3  94.66   0.00    409.00  85.00   65.10   16.30   7.00    10.00   
beam_18215213958    16 2018    2018    1  3  99.54   0.00    409.00  85.00   65.10   16.30   7.00    10.00   
beam_18215220217    17 2018    2018    1  3  104.54  -0.05   409.00  85.00   65.10   16.30   7.00    10.00   
beam_18215222213    18 2018    2018    1  3  109.54  0.00    409.00  85.00   65.10   16.30   7.00    10.00   
beam_18215224129    19 2018    2018    1  3  114.54  -0.08   409.00  85.00   65.10   16.30   7.00    10.00   
beam_18215230158    20 2018    2018    1  3  119.66  -0.08   409.00  85.00   65.10   16.30   7.00    10.00   
beam_18215231920    21 2018    2018    1  3  124.89  -0.08   409.00  85.00   65.10   16.30   7.00    10.00   
beam_18215233358    22 2018    2018    1  3  130.00  -0.08   409.00  85.00   65.10   16.30   7.00    10.00   
beam_18215234920    23 2018    2018    1  3  134.89  -0.15   409.00  85.00   65.10   16.30   7.00    10.00   
beam_18216000538    24 2018    2018    1  3  140.00  -0.15   409.00  85.00   65.10   16.30   7.00    10.00   

S404 High stat run @ theta = 20 @ phi = 0 deg. Bar, 3LS lens, grease everywere
beam_404_20         0  2018    2018    1  3  20.00   0.00    409.00  85.00   65.10   16.45   7.00    10.00   
beam_404_25         1  2018    2018    1  3  25.00   0.00    409.00  85.00   65.10   16.45   7.00    10.00   

S405 Threshold scan @ 20 deg @ 7 GeV/c. Bar, 3LS lens, grease everywere
beam_18216095817    0  2018    2018    1  3  20.00   0.00    442.00  85.00   65.10   16.45   7.00    10.00   
beam_18216101618    1  2018    2018    1  3  20.00   0.00    442.00  85.00   65.10   16.45   7.00    10.00   
beam_18216103400    2  2018    2018    1  3  20.00   0.00    442.00  85.00   65.10   16.45   7.00    10.00   
beam_18216105109    3  2018    2018    1  3  20.00   0.00    442.00  85.00   65.10   16.45   7.00    10.00   
beam_18216110707    4  2018    2018    1  3  20.00   0.00    442.00  85.00   65.10   16.45   7.00    10.00   
beam_18216112220    5  2018    2018    1  3  20.00   0.00    442.00  85.00   65.10   16.45   7.00    10.00   
beam_18216113629    6  2018    2018    1  3  20.00   0.00    442.00  85.00   65.10   16.45   7.00    10.00   
beam_18216115110    7  2018    2018    1  3  20.00   0.00    442.00  85.00   65.10   16.45   7.00    10.00   
beam_18216120423    8  2018    2018    1  3  20.00   0.00    442.00  85.00   65.10   16.45   7.00    10.00   
beam_18216121904    9  2018    2018    1  3  20.00   0.00    442.00  85.00   65.10   16.45   7.00    10.00   

S406 Theta scan at phi = 5 deg. Bar, 3LS lens, grease everywere
beam_18216135640    0  2018    2018    1  3  19.48   5.11    409.00  85.00   65.10   16.45   7.00    10.00   
beam_18216141102    1  2018    2018    1  3  29.54   4.71    409.00  85.00   65.10   16.45   7.00    10.00   
beam_18216142557    2  2018    2018    1  3  39.60   5.46    409.00  85.00   65.10   16.45   7.00    10.00   
beam_18216144258    3  2018    2018    1  3  49.77   5.17    409.00  85.00   65.10   16.45   7.00    10.00   
beam_18216151341    4  2018    2018    1  3  60.05   5.11    409.00  85.00   65.10   16.45   7.00    10.00   
beam_18216153216    5  2018    2018    1  3  70.34   4.95    409.00  85.00   65.10   16.45   7.00    10.00   
beam_18216155109    6  2018    2018    1  3  80.29   4.98    409.00  85.00   65.10   16.45   7.00    10.00   
beam_18216161002    7  2018    2018    1  3  90.06   5.20    409.00  85.00   65.10   16.45   7.00    10.00   
beam_18216162947    8  2018    2018    1  3  99.66   5.10    409.00  85.00   65.10   16.45   7.00    10.00   
beam_18216165048    9  2018    2018    1  3  109.54  5.05    409.00  85.00   65.10   16.45   7.00    10.00   
beam_18216171151    10 2018    2018    1  3  119.60  5.28    409.00  85.00   65.10   16.45   7.00    10.00   
beam_18216173240    11 2018    2018    1  3  129.89  5.46    409.00  85.00   65.10   16.45   7.00    10.00   
beam_18216175149    12 2018    2018    1  3  140.22  5.40    409.00  85.00   65.10   16.45   7.00    10.00   

S407 Theta scan at phi = 10 deg. Bar, 3LS lens, grease everywere
beam_18217025337    0  2018    2018    1  3  19.48   10.40   409.00  85.00   65.10   16.45   7.00    10.00   
beam_18217022618    1  2018    2018    1  3  29.54   10.06   409.00  85.00   65.10   16.45   7.00    10.00   
beam_18217020804    2  2018    2018    1  3  39.89   10.29   409.00  85.00   65.10   16.45   7.00    10.00   
beam_18217014909    3  2018    2018    1  3  49.89   10.29   409.00  85.00   65.10   16.45   7.00    10.00   
beam_18217012945    4  2018    2018    1  3  60.17   10.23   409.00  85.00   65.10   16.45   7.00    10.00   
beam_18217011020    5  2018    2018    1  3  70.11   9.94    409.00  85.00   65.10   16.45   7.00    10.00   
beam_18217004709    6  2018    2018    1  3  80.29   10.23   409.00  85.00   65.10   16.45   7.00    10.00   
beam_18217001626    7  2018    2018    1  3  90.06   10.23   409.00  85.00   65.10   16.45   7.00    10.00   
beam_18216235611    8  2018    2018    1  3  99.77   10.11   409.00  85.00   65.10   16.45   7.00    10.00   
beam_18216233650    9  2018    2018    1  3  109.66  9.94    409.00  85.00   65.10   16.45   7.00    10.00   
beam_18216232116    10 2018    2018    1  3  119.83  10.29   409.00  85.00   65.10   16.45   7.00    10.00   
beam_18216230450    11 2018    2018    1  3  129.60  10.69   409.00  85.00   65.10   16.45   7.00    10.00   
beam_18216224323    12 2018    2018    1  3  140.23  10.34   409.00  85.00   65.10   16.45   7.00    10.00   

S408 Theta scan at phi = 15 deg. Bar, 3LS lens, grease everywere
beam_18217113055    0  2018    2018    1  3  19.54   14.66   400.00  85.00   65.10   16.45   7.00    10.00   
beam_18217114922    1  2018    2018    1  3  29.66   15.46   400.00  85.00   65.10   16.45   7.00    10.00   
beam_18217123110    2  2018    2018    1  3  39.42   15.46   400.00  85.00   65.10   16.45   7.00    10.00   
beam_18217125724    3  2018    2018    1  3  50.22   15.46   400.00  85.00   65.10   16.45   7.00    10.00   
beam_18217132900    4  2018    2018    1  3  59.88   15.58   400.00  85.00   65.10   16.45   7.00    10.00   
beam_18217135557    5  2018    2018    1  3  70.68   15.22   400.00  85.00   65.10   16.45   7.00    10.00   
beam_18217142313    6  2018    2018    1  3  80.58   15.92   400.00  85.00   65.10   16.45   7.00    10.00   
beam_18217145344    7  2018    2018    1  3  89.78   15.68   400.00  85.00   65.10   16.45   7.00    10.00   
beam_18217152331    8  2018    2018    1  3  99.32   15.58   400.00  85.00   65.10   16.45   7.00    10.00   
beam_18217165144    9  2018    2018    1  3  109.32  15.34   400.00  85.00   65.10   16.45   7.00    10.00   
beam_18217172018    10 2018    2018    1  3  119.42  16.26   400.00  85.00   65.10   16.45   7.00    10.00   
beam_18217175308    11 2018    2018    1  3  129.88  15.12   400.00  85.00   65.10   16.45   7.00    10.00   
beam_18217182228    12 2018    2018    1  3  140.58  15.12   400.00  85.00   65.10   16.45   7.00    10.00   

S409 Theta scan at phi = 2.5 deg. Bar, 3LS lens, grease everywere
beam_18218021228    0  2018    2018    1  3  19.60   2.50    409.00  85.00   65.10   16.30   7.00    10.00   
beam_18218014740    1  2018    2018    1  3  29.71   2.50    409.00  85.00   65.10   16.30   7.00    10.00   
beam_18218012045    2  2018    2018    1  3  40.17   2.67    409.00  85.00   65.10   16.30   7.00    10.00   
beam_18218004711    3  2018    2018    1  3  50.11   2.44    409.00  85.00   65.10   16.30   7.00    10.00   
beam_18218001701    4  2018    2018    1  3  59.89   2.73    409.00  85.00   65.10   16.30   7.00    10.00   
beam_18217234746    5  2018    2018    1  3  69.89   2.56    409.00  85.00   65.10   16.30   7.00    10.00   
beam_18217231747    6  2018    2018    1  3  80.46   2.44    409.00  85.00   65.10   16.30   7.00    10.00   
beam_18217224253    7  2018    2018    1  3  89.94   2.61    409.00  85.00   65.10   16.30   7.00    10.00   
beam_18217221819    8  2018    2018    1  3  100.11  2.56    409.00  85.00   65.10   16.30   7.00    10.00   
beam_18217215134    9  2018    2018    1  3  110.11  2.56    409.00  85.00   65.10   16.30   7.00    10.00   
beam_18217212916    10 2018    2018    1  3  119.77  2.90    409.00  85.00   65.10   16.30   7.00    10.00   
beam_18217210456    11 2018    2018    1  3  130.40  2.67    409.00  85.00   65.10   16.30   7.00    10.00   
beam_18217204226    12 2018    2018    1  3  139.77  2.90    409.00  85.00   65.10   16.30   7.00    10.00   

S415 Momentum scan at theta = 25 deg and phi = 0 deg. Bar, 3LS lens, grease everywere
beam_415_2          0  2018    2018    1  3  24.66   -0.15   409.00  85.00   65.40   15.80   2.00    10.00   
beam_415_3          1  2018    2018    1  3  24.66   -0.15   409.00  85.00   65.40   15.80   3.00    10.00   
beam_415_4          2  2018    2018    1  3  24.66   -0.15   409.00  85.00   65.40   15.80   4.00    10.00   
beam_415_5          3  2018    2018    1  3  24.66   -0.15   409.00  85.00   65.40   15.80   5.00    10.00   
beam_415_6          4  2018    2018    1  3  24.66   -0.15   409.00  85.00   65.40   15.80   6.00    10.00   
beam_415_7          5  2018    2018    1  3  24.66   -0.15   409.00  85.00   65.40   15.80   7.00    10.00   
beam_415_8          6  2018    2018    1  3  24.66   -0.15   409.00  85.00   65.40   15.80   8.00    10.00   
beam_415_9          7  2018    2018    1  3  24.66   -0.15   409.00  85.00   65.40   15.80   9.00    10.00   
beam_415_10         8  2018    2018    1  3  24.66   -0.15   409.00  85.00   65.40   15.80   10.00   10.00   

S420 Z scan at theta = 90 deg and phi = 0 deg @ 7 GeV/c. Bar, 3LS lens, grease everywere
beam_18219154515    0  2018    2018    1  3  89.75   0.00    228.00  85.00   65.00   18.50   7.00    10.00   
beam_18219142232    1  2018    2018    1  3  89.75   0.00    402.00  85.00   65.00   18.50   7.00    10.00   
beam_18219161250    2  2018    2018    1  3  89.75   0.00    528.00  85.00   65.00   18.50   7.00    10.00   
beam_18219163624    3  2018    2018    1  3  89.75   0.00    628.00  85.00   65.00   18.50   7.00    10.00   
beam_18219165621    4  2018    2018    1  3  89.75   0.00    728.00  85.00   65.00   18.50   7.00    10.00   
beam_18219171427    5  2018    2018    1  3  89.75   0.00    828.00  85.00   65.00   18.50   7.00    10.00   

S421 With w/o EDD at theta = 25 deg and phi = 0 deg @ 7 GeV/c. Bar, 3LS lens, grease everywere
beam_421_wo         0  2018    2018    1  3  25.00   0.00    424.00  85.00   70.00   16.45   7.00    10.00   
beam_421_wi         1  2018    2018    1  3  25.00   0.00    424.00  85.00   70.00   16.45   7.00    10.00   

S422 Theta scan at phi = 0 deg @ 4 GeV/c. Bar, 3LS lens, grease everywere
beam_422_20         0  2018    2018    1  3  20.00   0.00    424.00  85.00   70.00   16.45   4.00    10.00   
beam_422_25         1  2018    2018    1  3  25.00   0.00    424.00  85.00   70.00   16.45   4.00    10.00   
beam_422_30         2  2018    2018    1  3  30.00   0.00    424.00  85.00   70.00   16.45   4.00    10.00   
beam_422_40         3  2018    2018    1  3  40.00   0.00    424.00  85.00   70.00   16.45   4.00    10.00   
beam_422_45         4  2018    2018    1  3  45.00   0.00    424.00  85.00   70.00   16.45   4.00    10.00   
beam_422_50         5  2018    2018    1  3  50.00   0.00    424.00  85.00   70.00   16.45   4.00    10.00   
beam_422_55         6  2018    2018    1  3  55.00   0.00    424.00  85.00   70.00   16.45   4.00    10.00   
beam_422_60         7  2018    2018    1  3  60.00   0.00    424.00  85.00   70.00   16.45   4.00    10.00   
beam_422_70         8  2018    2018    1  3  70.00   0.00    424.00  85.00   70.00   16.45   4.00    10.00   
beam_422_80         9  2018    2018    1  3  80.00   0.00    424.00  85.00   70.00   16.45   4.00    10.00   
beam_422_90         10 2018    2018    1  3  90.00   0.00    424.00  85.00   70.00   16.45   4.00    10.00   
beam_422_100        11 2018    2018    1  3  100.00  0.00    424.00  85.00   70.00   16.45   4.00    10.00   
beam_422_110        12 2018    2018    1  3  110.00  0.00    424.00  85.00   70.00   16.45   4.00    10.00   
beam_422_120        13 2018    2018    1  3  120.00  0.00    424.00  85.00   70.00   16.45   4.00    10.00   
beam_422_130        14 2018    2018    1  3  130.00  0.00    424.00  85.00   70.00   16.45   4.00    10.00   
beam_422_140        15 2018    2018    1  3  140.00  0.00    424.00  85.00   70.00   16.45   4.00    10.00   

S423 Fine theta scan at phi = 0 deg @ 1.5 GeV/c. Bar, 3LS lens, grease everywere
beam_18220141845    0  2018    2018    1  3  80.00   0.00    424.00  85.00   70.00   16.45   1.50    10.00   
beam_18220142854    1  2018    2018    1  3  85.00   0.00    424.00  85.00   70.00   16.45   1.50    10.00   
beam_18220132601    2  2018    2018    1  3  90.00   0.00    424.00  85.00   70.00   16.45   1.50    10.00   
beam_18220132829    3  2018    2018    1  3  91.00   0.00    424.00  85.00   70.00   16.45   1.50    10.00   
beam_18220133026    4  2018    2018    1  3  92.00   0.00    424.00  85.00   70.00   16.45   1.50    10.00   
beam_18220133224    5  2018    2018    1  3  93.00   0.00    424.00  85.00   70.00   16.45   1.50    10.00   
beam_18220133424    6  2018    2018    1  3  94.00   0.00    424.00  85.00   70.00   16.45   1.50    10.00   
beam_18220133641    7  2018    2018    1  3  95.00   0.00    424.00  85.00   70.00   16.45   1.50    10.00   
beam_18220133858    8  2018    2018    1  3  96.00   0.00    424.00  85.00   70.00   16.45   1.50    10.00   
beam_18220134101    9  2018    2018    1  3  97.00   0.00    424.00  85.00   70.00   16.45   1.50    10.00   
beam_18220134302    10 2018    2018    1  3  98.00   0.00    424.00  85.00   70.00   16.45   1.50    10.00   
beam_18220134524    11 2018    2018    1  3  99.00   0.00    424.00  85.00   70.00   16.45   1.50    10.00   
beam_18220134739    12 2018    2018    1  3  100.00  0.00    424.00  85.00   70.00   16.45   1.50    10.00   
beam_18220134940    13 2018    2018    1  3  101.00  0.00    424.00  85.00   70.00   16.45   1.50    10.00   
beam_18220135147    14 2018    2018    1  3  102.00  0.00    424.00  85.00   70.00   16.45   1.50    10.00   
beam_18220135359    15 2018    2018    1  3  103.00  0.00    424.00  85.00   70.00   16.45   1.50    10.00   
beam_18220135600    16 2018    2018    1  3  104.00  0.00    424.00  85.00   70.00   16.45   1.50    10.00   
beam_18220135800    17 2018    2018    1  3  105.00  0.00    424.00  85.00   70.00   16.45   1.50    10.00   
beam_18220140009    18 2018    2018    1  3  110.00  0.00    424.00  85.00   70.00   16.45   1.50    10.00   
beam_18220140437    19 2018    2018    1  3  115.00  0.00    424.00  85.00   70.00   16.45   1.50    10.00   
beam_18220140652    20 2018    2018    1  3  120.00  0.00    424.00  85.00   70.00   16.45   1.50    10.00   
beam_18220140859    21 2018    2018    1  3  130.00  0.00    424.00  85.00   70.00   16.45   1.50    10.00   
beam_18220141114    22 2018    2018    1  3  135.00  0.00    424.00  85.00   70.00   16.45   1.50    10.00   
beam_18220141430    23 2018    2018    1  3  140.00  0.00    424.00  85.00   70.00   16.45   1.50    10.00   

S424 Fine theta scan at phi = 0 deg @ 2.0 GeV/c. Bar, 3LS lens, grease everywere
beam_18220144642    0  2018    2018    1  3  20.00   0.00    424.00  85.00   70.00   16.45   2.00    10.00   
beam_18220145129    1  2018    2018    1  3  30.00   0.00    424.00  85.00   70.00   16.45   2.00    10.00   
beam_18220145842    2  2018    2018    1  3  40.00   0.00    424.00  85.00   70.00   16.45   2.00    10.00   
beam_18220150324    3  2018    2018    1  3  50.00   0.00    424.00  85.00   70.00   16.45   2.00    10.00   
beam_18220150922    4  2018    2018    1  3  60.00   0.00    424.00  85.00   70.00   16.45   2.00    10.00   
beam_18220151434    5  2018    2018    1  3  70.00   0.00    424.00  85.00   70.00   16.45   2.00    10.00   
beam_18220152011    6  2018    2018    1  3  75.00   0.00    424.00  85.00   70.00   16.45   2.00    10.00   
beam_18220152458    7  2018    2018    1  3  80.00   0.00    424.00  85.00   70.00   16.45   2.00    10.00   
beam_18220153017    8  2018    2018    1  3  81.00   0.00    424.00  85.00   70.00   16.45   2.00    10.00   
beam_18220153503    9  2018    2018    1  3  82.00   0.00    424.00  85.00   70.00   16.45   2.00    10.00   
beam_18220153941    10 2018    2018    1  3  83.00   0.00    424.00  85.00   70.00   16.45   2.00    10.00   
beam_18220154406    11 2018    2018    1  3  84.00   0.00    424.00  85.00   70.00   16.45   2.00    10.00   
beam_18220155023    12 2018    2018    1  3  85.00   0.00    424.00  85.00   70.00   16.45   2.00    10.00   
beam_18220155459    13 2018    2018    1  3  86.00   0.00    424.00  85.00   70.00   16.45   2.00    10.00   
beam_18220155943    14 2018    2018    1  3  87.00   0.00    424.00  85.00   70.00   16.45   2.00    10.00   
beam_18220160420    15 2018    2018    1  3  88.00   0.00    424.00  85.00   70.00   16.45   2.00    10.00   
beam_18220161102    16 2018    2018    1  3  89.00   0.00    424.00  85.00   70.00   16.45   2.00    10.00   
beam_18220161752    17 2018    2018    1  3  90.00   0.00    424.00  85.00   70.00   16.45   2.00    10.00   
beam_18220162300    18 2018    2018    1  3  92.00   0.00    424.00  85.00   70.00   16.45   2.00    10.00   
beam_18220163058    19 2018    2018    1  3  95.00   0.00    424.00  85.00   70.00   16.45   2.00    10.00   
beam_18220163736    20 2018    2018    1  3  100.00  0.00    424.00  85.00   70.00   16.45   2.00    10.00   

S425 Theta scan at phi = 0 deg @ 8 GeV/c. Bar, 3LS lens, grease everywere
beam_425_20         0  2018    2018    1  3  20.00   0.00    424.00  85.00   70.00   16.45   8.00    10.00   
beam_425_25         1  2018    2018    1  3  25.00   0.00    424.00  85.00   70.00   16.45   8.00    10.00   
beam_425_30         2  2018    2018    1  3  30.00   0.00    424.00  85.00   70.00   16.45   8.00    10.00   
beam_425_35         3  2018    2018    1  3  35.00   0.00    424.00  85.00   70.00   16.45   8.00    10.00   
beam_425_40         4  2018    2018    1  3  40.00   0.00    424.00  85.00   70.00   16.45   8.00    10.00   
beam_425_50         5  2018    2018    1  3  50.00   0.00    424.00  85.00   70.00   16.45   8.00    10.00   
beam_425_60         6  2018    2018    1  3  60.00   0.00    424.00  85.00   70.00   16.45   8.00    10.00   
beam_425_70         7  2018    2018    1  3  70.00   0.00    424.00  85.00   70.00   16.45   8.00    10.00   
beam_425_80         8  2018    2018    1  3  80.00   0.00    424.00  85.00   70.00   16.45   8.00    10.00   
beam_425_90         9  2018    2018    1  3  90.00   0.00    424.00  85.00   70.00   16.45   8.00    10.00   
beam_425_100        10 2018    2018    1  3  100.00  0.00    424.00  85.00   70.00   16.45   8.00    10.00   
beam_425_110        11 2018    2018    1  3  110.00  0.00    424.00  85.00   70.00   16.45   8.00    10.00   
beam_425_120        12 2018    2018    1  3  120.00  0.00    424.00  85.00   70.00   16.45   8.00    10.00   
beam_425_130        13 2018    2018    1  3  130.00  0.00    424.00  85.00   70.00   16.45   8.00    10.00   
beam_425_140        14 2018    2018    1  3  140.00  0.00    424.00  85.00   70.00   16.45   8.00    10.00   

S430 Theta scan at phi=0 deg @ 7 GeV/c. Bar, 3LS lens, cookies between bar lens and prism
beam_430_20         0  2018    2018    1  3  20.00   0.00    424.00  85.00   70.00   16.45   7.00    10.00   
beam_430_25         1  2018    2018    1  3  25.00   0.00    424.00  85.00   70.00   16.45   7.00    10.00   
beam_430_80         2  2018    2018    1  3  80.00   0.00    424.00  85.00   70.00   16.45   7.00    10.00   

S431 Theta scan at phi=0 deg @ 7 GeV/c. Bar, 3LS lens, all grease again
beam_431_20         0  2018    2018    1  3  20.00   0.00    424.00  85.00   70.00   16.45   7.00    10.00   
beam_18223103847    1  2018    2018    1  3  20.00   0.00    424.00  85.00   70.00   16.45   7.00    10.00   

S434 Test; X step; theta scan at phi=0 deg @ 7 GeV/c. Bar, 3LS lens, all grease again
beam_18223212206    0  2018    2018    1  3  20.00   0.00    424.00  145.00  125.00  16.45   7.00    10.00   
beam_18223214220    1  2018    2018    1  3  20.00   0.00    424.00  145.00  125.00  16.45   7.00    10.00   
beam_18223222546    2  2018    2018    1  3  20.00   0.00    424.00  145.00  125.00  16.45   7.00    10.00   
beam_18223221520    3  2018    2018    1  3  20.00   0.00    424.00  145.00  125.00  16.45   7.00    10.00   

S435 X step; Theta scan; phi=0 deg @ 7 GeV/c. Bar, 3LS lens, all grease
beam_435_20         0  2018    2018    1  3  20.00   0.00    424.00  145.00  125.00  16.45   7.00    10.00   
beam_435_25         1  2018    2018    1  3  25.00   0.00    424.00  145.00  125.00  16.45   7.00    10.00   
beam_435_30         2  2018    2018    1  3  30.00   0.00    424.00  145.00  125.00  16.45   7.00    10.00   
beam_435_40         3  2018    2018    1  3  40.00   0.00    424.00  145.00  125.00  16.45   7.00    10.00   
beam_435_50         4  2018    2018    1  3  50.00   0.00    424.00  145.00  125.00  16.45   7.00    10.00   
beam_435_60         5  2018    2018    1  3  60.00   0.00    424.00  145.00  125.00  16.45   7.00    10.00   
beam_435_70         6  2018    2018    1  3  70.00   0.00    424.00  145.00  125.00  16.45   7.00    10.00   
beam_435_80         7  2018    2018    1  3  80.00   0.00    424.00  145.00  125.00  16.45   7.00    10.00   
beam_435_90         8  2018    2018    1  3  90.00   0.00    424.00  145.00  125.00  16.45   7.00    10.00   
beam_435_100        9  2018    2018    1  3  100.00  0.00    424.00  145.00  125.00  16.45   7.00    10.00   
beam_435_110        10 2018    2018    1  3  110.00  0.00    424.00  145.00  125.00  16.45   7.00    10.00   
beam_435_120        11 2018    2018    1  3  120.00  0.00    424.00  145.00  125.00  16.45   7.00    10.00   
beam_435_130        12 2018    2018    1  3  130.00  0.00    424.00  145.00  125.00  16.45   7.00    10.00   
beam_435_140        13 2018    2018    1  3  140.00  0.00    424.00  145.00  125.00  16.45   7.00    10.00   

S436 X step; Momentum scan; theta=25 deg, phi=0 deg. Bar, 3LS lens, all grease
beam_436_9          0  2018    2018    1  3  24.60   0.00    424.00  145.00  124.80  14.80   9.00    10.00   
beam_436_8          1  2018    2018    1  3  24.60   0.00    424.00  145.00  124.80  14.80   8.00    10.00   
beam_436_7          2  2018    2018    1  3  24.60   0.00    424.00  145.00  124.80  14.80   7.00    10.00   
beam_436_6          3  2018    2018    1  3  24.60   0.00    424.00  145.00  124.80  14.80   6.00    10.00   
beam_436_5          4  2018    2018    1  3  24.60   0.00    424.00  145.00  124.80  14.80   5.00    10.00   
beam_436_4          5  2018    2018    1  3  24.60   0.00    424.00  145.00  124.80  14.80   4.00    10.00   
beam_436_3          6  2018    2018    1  3  24.60   0.00    424.00  145.00  124.80  14.80   3.00    10.00   

S437 X step; Pdf study at theta=25 deg; phi=0 deg @ 7 GeV/c. Bar, 3LS lens, all grease
beam_18224155910    0  2018    2018    1  3  22.00   0.00    424.00  145.00  125.00  16.45   7.00    10.00   
beam_18224155333    1  2018    2018    1  3  23.00   0.00    424.00  145.00  125.00  16.45   7.00    10.00   
beam_18224154326    2  2018    2018    1  3  24.00   0.00    424.00  145.00  125.00  16.45   7.00    10.00   
beam_18224153447    3  2018    2018    1  3  24.50   0.00    424.00  145.00  125.00  16.45   7.00    10.00   
beam_18224152845    4  2018    2018    1  3  24.80   0.00    424.00  145.00  125.00  16.45   7.00    10.00   
beam_18224152210    5  2018    2018    1  3  24.90   0.00    424.00  145.00  125.00  16.45   7.00    10.00   
beam_437_25         6  2018    2018    1  3  25.00   0.00    424.00  145.00  125.00  16.45   7.00    10.00   
beam_18224170908    7  2018    2018    1  3  25.00   0.00    424.00  145.00  125.00  16.45   7.00    10.00   
beam_18224173000    8  2018    2018    1  3  25.00   0.00    424.00  145.00  125.00  16.45   7.00    10.00   
beam_18224174751    9  2018    2018    1  3  25.00   0.00    424.00  145.00  125.00  16.45   7.00    10.00   
beam_18224151405    10 2018    2018    1  3  25.10   0.00    424.00  145.00  125.00  16.45   7.00    10.00   
beam_18224150822    11 2018    2018    1  3  25.20   0.00    424.00  145.00  125.00  16.45   7.00    10.00   
beam_18224150252    12 2018    2018    1  3  25.50   0.00    424.00  145.00  125.00  16.45   7.00    10.00   
beam_18224145747    13 2018    2018    1  3  26.00   0.00    424.00  145.00  125.00  16.45   7.00    10.00   
beam_18224161452    14 2018    2018    1  3  27.00   0.00    424.00  145.00  125.00  16.45   7.00    10.00   

S438 Theta scan; phi=0 deg @ 7 GeV/c. Plate, no lens, all grease
beam_438_20         0  2018    2018    2  0  20.00   0.00    424.00  145.00  125.00  16.45   7.00    10.00   
beam_438_25         1  2018    2018    2  0  25.00   0.00    424.00  145.00  125.00  16.45   7.00    10.00   
beam_438_30         2  2018    2018    2  0  30.00   0.00    424.00  145.00  125.00  16.45   7.00    10.00   
beam_438_40         3  2018    2018    2  0  40.00   0.00    424.00  145.00  125.00  16.45   7.00    10.00   
beam_438_50         4  2018    2018    2  0  50.00   0.00    424.00  145.00  125.00  16.45   7.00    10.00   
beam_438_60         5  2018    2018    2  0  60.00   0.00    424.00  145.00  125.00  16.45   7.00    10.00   
beam_438_70         6  2018    2018    2  0  70.00   0.00    424.00  145.00  125.00  16.45   7.00    10.00   
beam_438_80         7  2018    2018    2  0  80.00   0.00    424.00  145.00  125.00  16.45   7.00    10.00   
beam_438_90         8  2018    2018    2  0  90.00   0.00    424.00  145.00  125.00  16.45   7.00    10.00   
beam_438_100        9  2018    2018    2  0  100.00  0.00    424.00  145.00  125.00  16.45   7.00    10.00   
beam_438_110        10 2018    2018    2  0  110.00  0.00    424.00  145.00  125.00  16.45   7.00    10.00   
beam_438_120        11 2018    2018    2  0  120.00  0.00    424.00  145.00  125.00  16.45   7.00    10.00   
beam_438_130        12 2018    2018    2  0  130.00  0.00    424.00  145.00  125.00  16.45   7.00    10.00   
beam_438_140        13 2018    2018    2  0  140.00  0.00    424.00  145.00  125.00  16.45   7.00    10.00   

S439 Momentum scan; theta=25 deg, phi=0 deg. Plate, no lens, all grease
beam_439_8          0  2018    2018    1  3  25.00   0.00    424.00  145.00  125.00  16.45   8.00    10.00   
beam_439_7          1  2018    2018    1  3  25.00   0.00    424.00  145.00  125.00  16.45   7.00    10.00   
beam_439_6          2  2018    2018    1  3  25.00   0.00    424.00  145.00  125.00  16.45   6.00    10.00   
beam_439_5          3  2018    2018    1  3  25.00   0.00    424.00  145.00  125.00  16.45   5.00    10.00   
beam_439_4          4  2018    2018    1  3  25.00   0.00    424.00  145.00  125.00  16.45   4.00    10.00   

S440 Theta scan; theta = 25 deg, phi = 0 deg @ 6 GeV/c. Plate, no lens, all grease
beam_440_20         0  2018    2018    1  3  20.00   0.00    424.00  145.00  125.00  16.45   6.00    10.00   
beam_440_30         1  2018    2018    1  3  30.00   0.00    424.00  145.00  125.00  16.45   6.00    10.00   
beam_440_40         2  2018    2018    1  3  40.00   0.00    424.00  145.00  125.00  16.45   6.00    10.00   
beam_440_50         3  2018    2018    1  3  50.00   0.00    424.00  145.00  125.00  16.45   6.00    10.00   
beam_440_60         4  2018    2018    1  3  60.00   0.00    424.00  145.00  125.00  16.45   6.00    10.00   
beam_440_70         5  2018    2018    1  3  70.00   0.00    424.00  145.00  125.00  16.45   6.00    10.00   
beam_440_80         6  2018    2018    1  3  80.00   0.00    424.00  145.00  125.00  16.45   6.00    10.00   
beam_440_90         7  2018    2018    1  3  90.00   0.00    424.00  145.00  125.00  16.45   6.00    10.00   
beam_440_100        8  2018    2018    1  3  100.00  0.00    424.00  145.00  125.00  16.45   6.00    10.00   
beam_440_110        9  2018    2018    1  3  110.00  0.00    424.00  145.00  125.00  16.45   6.00    10.00   
beam_440_120        10 2018    2018    1  3  120.00  0.00    424.00  145.00  125.00  16.45   6.00    10.00   

S441 Theta scan; phi = 0 deg @ 7 GeV/c. Bar, 3LS lens, all grease
beam_441_20         0  2018    2018    1  3  20.00   0.00    442.00  85.00   70.00   16.45   7.00    10.00   
beam_441_25         1  2018    2018    1  3  25.00   0.00    442.00  85.00   70.00   16.45   7.00    10.00   
beam_441_20_1       2  2018    2018    1  3  25.00   0.00    442.00  85.00   70.00   16.45   7.00    10.00   
beam_18226135843    3  2018    2018    1  3  25.00   0.00    442.00  85.00   70.00   16.45   7.00    10.00   
beam_18226142449    4  2018    2018    1  3  25.00   0.00    442.00  85.00   70.00   16.45   7.00    10.00   

S442 Theta scan; phi = 0 deg @ 7 GeV/c. Bar, 3LS lens, all grease
beam_442_20         0  2018    2018    1  3  20.00   0.00    442.00  85.00   70.00   16.45   7.00    10.00   
beam_442_25         1  2018    2018    1  3  25.00   0.00    442.00  85.00   70.00   16.45   7.00    10.00   
beam_18226173017    2  2018    2018    1  3  30.00   0.00    442.00  85.00   70.00   16.45   7.00    10.00   
beam_18226180719    3  2018    2018    1  3  40.00   0.00    442.00  85.00   70.00   16.45   7.00    10.00   
beam_18226183631    4  2018    2018    1  3  50.00   0.00    442.00  85.00   70.00   16.45   7.00    10.00   
beam_18226185930    5  2018    2018    1  3  60.00   0.00    442.00  85.00   70.00   16.45   7.00    10.00   
beam_18226192230    6  2018    2018    1  3  70.00   0.00    442.00  85.00   70.00   16.45   7.00    10.00   
beam_18226194717    7  2018    2018    1  3  80.00   0.00    442.00  85.00   70.00   16.45   7.00    10.00   
beam_442_90         8  2018    2018    1  3  90.00   0.00    442.00  85.00   70.00   16.45   7.00    10.00   
beam_18226205028    9  2018    2018    1  3  100.00  0.00    442.00  85.00   70.00   16.45   7.00    10.00   

S500 Cosmic ray simulation for DIRC @ EIC
beam_00         0  2018    2030    1  3  90.00   0.00    200.00  85.00   70.00   16.45   7.00    10.00

S501 Theta scan @ phi = 0 deg. Bar, 3LS lens, grease everywere
beam_20    0  2018    2017    1  3  20.00   -0.10   409.00  85.00   65.10   16.30   7.00    10.00   
beam_30    1  2018    2017    1  3  30.00   -0.10   409.00  85.00   65.10   16.30   7.00    10.00   
beam_40    2  2018    2017    1  3  40.00   -0.10   409.00  85.00   65.10   16.30   7.00    10.00
beam_50    3  2018    2017    1  3  50.00   -0.10   409.00  85.00   65.10   16.30   7.00    10.00
beam_60    4  2018    2017    1  3  60.00   -0.10   409.00  85.00   65.10   16.30   7.00    10.00
beam_70    5  2018    2017    1  3  70.00   -0.10   409.00  85.00   65.10   16.30   7.00    10.00
beam_80    6  2018    2017    1  3  80.00   -0.10   409.00  85.00   65.10   16.30   7.00    10.00
beam_90    7  2018    2017    1  3  90.00   -0.10   409.00  85.00   65.10   16.30   7.00    10.00
beam_100    8  2018    2017    1  3  100.00   -0.10   409.00  85.00   65.10   16.30   7.00    10.00
beam_110    9  2018    2017    1  3  110.00   -0.10   409.00  85.00   65.10   16.30   7.00    10.00
beam_120    10  2018    2017    1  3  120.00   -0.10   409.00  85.00   65.10   16.30   7.00    10.00
beam_130    11  2018    2017    1  3  130.00   -0.10   409.00  85.00   65.10   16.30   7.00    10.00
beam_140    12  2018    2017    1  3  140.00   -0.10   409.00  85.00   65.10   16.30   7.00    10.00   